0.0, 0.0, 0.0, 0.0, 0.0, 0.0
-0.001007398939691484, -0.0011887077707797289, 0.0006242532399483025, -0.008575362153351307, -0.018458720296621323, 1.0199415683746338
-0.002295018406584859, -0.001512008486315608, 0.0014901751419529319, -0.016298159956932068, -0.036801692098379135, 2.023350715637207
-0.0036168862134218216, -0.0012060361914336681, 0.0025377366691827774, -0.02326781675219536, -0.05574624985456467, 3.041548252105713
-0.005012676119804382, -0.0013444271171465516, 0.0034740392584353685, -0.03090694546699524, -0.07511654496192932, 4.108116626739502
-0.006349327974021435, -0.00210003275424242, 0.0038579581305384636, -0.03948720544576645, -0.09445447474718094, 5.1918816566467285
-0.008016758598387241, -0.00334908626973629, 0.004332839045673609, -0.056008949875831604, -0.11383324861526489, 6.2859015464782715
-0.009740270674228668, -0.004379639867693186, 0.004812316503375769, -0.07499342411756516, -0.13315224647521973, 7.37658166885376
-0.012228855863213539, -0.004600508604198694, 0.005414956249296665, -0.09754344075918198, -0.15240441262722015, 8.462311744689941
-0.015042144805192947, -0.004488985054194927, 0.0060296375304460526, -0.1233866885304451, -0.17180955410003662, 9.551755905151367
-0.018195006996393204, -0.00441202474758029, 0.006449299864470959, -0.1541828215122223, -0.19172409176826477, 10.665867805480957
-0.02111915685236454, -0.004821316804736853, 0.006882534362375736, -0.1886981576681137, -0.21222414076328278, 11.799456596374512
-0.02370164915919304, -0.005612736102193594, 0.00735839270055294, -0.2261519432067871, -0.23268093168735504, 12.94495677947998
-0.025957059115171432, -0.00793540384620428, 0.00790218822658062, -0.26687154173851013, -0.25304508209228516, 14.131649017333984
-0.028304006904363632, -0.01004830189049244, 0.008565453812479973, -0.3109404146671295, -0.27420684695243835, 15.364971160888672
-0.03072785772383213, -0.010558607056736946, 0.00928484182804823, -0.3574661314487457, -0.2958172857761383, 16.599458694458008
-0.033414848148822784, -0.010515707544982433, 0.010025926865637302, -0.40862998366355896, -0.3186187446117401, 17.881284713745117
-0.0366649329662323, -0.010399348102509975, 0.010531347244977951, -0.46557027101516724, -0.3421141505241394, 19.204893112182617
-0.03926590085029602, -0.011951638385653496, 0.010847511701285839, -0.5270892977714539, -0.36593878269195557, 20.579769134521484
-0.04135475680232048, -0.014289319515228271, 0.011209098622202873, -0.5916455388069153, -0.3902215361595154, 21.986562728881836
-0.042637065052986145, -0.016084715723991394, 0.012064089067280293, -0.6569191813468933, -0.4153355062007904, 23.424165725708008
-0.044293925166130066, -0.015354925766587257, 0.01376724150031805, -0.7224096059799194, -0.4413924813270569, 24.826391220092773
-0.045856229960918427, -0.014232640154659748, 0.015298658981919289, -0.791801393032074, -0.4686442017555237, 26.251800537109375
-0.048044174909591675, -0.012371428310871124, 0.016438689082860947, -0.8636682629585266, -0.49604934453964233, 27.66324806213379
-0.04981014132499695, -0.011968378908932209, 0.017208820208907127, -0.9386086463928223, -0.5231348276138306, 29.07991600036621
-0.051773376762866974, -0.011309690773487091, 0.018097950145602226, -1.0157313346862793, -0.5493895411491394, 30.47357749938965
-0.05341464281082153, -0.011539719998836517, 0.018606849014759064, -1.0955783128738403, -0.5751080513000488, 31.873092651367188
-0.0546974316239357, -0.012216249480843544, 0.01901121623814106, -1.1770981550216675, -0.6002549529075623, 33.26170349121094
-0.055670060217380524, -0.013366959057748318, 0.01927330158650875, -1.2603402137756348, -0.6254611611366272, 34.649009704589844
-0.05670071020722389, -0.014225121587514877, 0.01976662129163742, -1.34365975856781, -0.6499793529510498, 36.00496292114258
-0.057768236845731735, -0.014750772155821323, 0.020284079015254974, -1.4271613359451294, -0.6741310358047485, 37.330177307128906
-0.05868874117732048, -0.015405122190713882, 0.020689764991402626, -1.5114426612854004, -0.6978672742843628, 38.642696380615234
-0.05976460501551628, -0.015800772234797478, 0.02122384123504162, -1.5954113006591797, -0.7213395833969116, 39.93572235107422
-0.06117081269621849, -0.015746120363473892, 0.02224218100309372, -1.6793982982635498, -0.7445498704910278, 41.20219421386719
-0.06301455944776535, -0.015321560204029083, 0.02361484244465828, -1.7653536796569824, -0.7675542235374451, 42.45546340942383
-0.0648401752114296, -0.015275552868843079, 0.024792036041617393, -1.856390118598938, -0.7910760641098022, 43.743690490722656
-0.06657518446445465, -0.015868419781327248, 0.025744065642356873, -1.9514973163604736, -0.8150027394294739, 45.05170822143555
-0.06840135157108307, -0.016239149495959282, 0.027086783200502396, -2.0502066612243652, -0.8395981788635254, 46.38257598876953
-0.06992817670106888, -0.01706475391983986, 0.028528369963169098, -2.1513307094573975, -0.8642022013664246, 47.725399017333984
-0.07088940590620041, -0.017966315150260925, 0.029653258621692657, -2.2508275508880615, -0.8883509039878845, 49.04495620727539
-0.07156688719987869, -0.018874377012252808, 0.030858691781759262, -2.3516385555267334, -0.91286700963974, 50.38029479980469
-0.07228783518075943, -0.019484220072627068, 0.03222472593188286, -2.452971935272217, -0.9373346567153931, 51.71379852294922
-0.07314646244049072, -0.019182253628969193, 0.0340157225728035, -2.5555577278137207, -0.9623757600784302, 53.05002975463867
-0.07380948215723038, -0.019290775060653687, 0.03565788269042969, -2.658313751220703, -0.9873625636100769, 54.38074493408203
-0.07445155829191208, -0.019508399069309235, 0.03710080683231354, -2.7610864639282227, -1.0119057893753052, 55.700958251953125
-0.07487184554338455, -0.019450871273875237, 0.038611702620983124, -2.8623387813568115, -1.0360866785049438, 57.00121307373047
-0.07515889406204224, -0.01893012411892414, 0.04033235087990761, -2.9637842178344727, -1.060017466545105, 58.303157806396484
-0.07569994032382965, -0.017943333834409714, 0.042468372732400894, -3.066347599029541, -1.0844531059265137, 59.61461639404297
-0.07638642191886902, -0.017223989591002464, 0.04450247809290886, -3.1704561710357666, -1.1091206073760986, 60.93185806274414
-0.07692177593708038, -0.017185211181640625, 0.046177938580513, -3.2758212089538574, -1.1335577964782715, 62.256683349609375
-0.0770144984126091, -0.017890967428684235, 0.04749084264039993, -3.381730079650879, -1.1578658819198608, 63.58903121948242
-0.07718243449926376, -0.01852542534470558, 0.048749588429927826, -3.4869327545166016, -1.181498408317566, 64.91082000732422
-0.07749995589256287, -0.018866820260882378, 0.05001281574368477, -3.592447280883789, -1.2051056623458862, 66.21941375732422
-0.07764579355716705, -0.018808238208293915, 0.05126901715993881, -3.697298765182495, -1.228621244430542, 67.51435852050781
-0.07762676477432251, -0.018440350890159607, 0.05261602997779846, -3.79957914352417, -1.2518248558044434, 68.77995300292969
-0.07803553342819214, -0.017990099266171455, 0.05416184291243553, -3.900294065475464, -1.274656057357788, 70.01322937011719
-0.07881084084510803, -0.01745036616921425, 0.05566854029893875, -4.002693176269531, -1.2974543571472168, 71.2464599609375
-0.07967773079872131, -0.016532668843865395, 0.05750778317451477, -4.106820106506348, -1.3207073211669922, 72.48314666748047
-0.08058495819568634, -0.015051218681037426, 0.059591539204120636, -4.211150169372559, -1.3442463874816895, 73.70806121826172
-0.08139371126890182, -0.014359011314809322, 0.06145688146352768, -4.319787979125977, -1.3681433200836182, 74.96614074707031
-0.08227699995040894, -0.01391372736543417, 0.06319445371627808, -4.430522441864014, -1.3922133445739746, 76.23302459716797
-0.08377319574356079, -0.012800673022866249, 0.06539713591337204, -4.542586326599121, -1.4159326553344727, 77.48442077636719
-0.08517464995384216, -0.011904439888894558, 0.06739024072885513, -4.656979084014893, -1.43965744972229, 78.74300384521484
-0.08677273243665695, -0.011367888189852238, 0.0694543868303299, -4.7728400230407715, -1.4632049798965454, 79.99437713623047
-0.08846339583396912, -0.010919857770204544, 0.07161393761634827, -4.89239501953125, -1.4868862628936768, 81.2559585571289
-0.089853435754776, -0.01026071235537529, 0.07391098141670227, -5.013521671295166, -1.510765552520752, 82.5240478515625
-0.09119878709316254, -0.009109445847570896, 0.07635311782360077, -5.138545036315918, -1.5353779792785645, 83.8176040649414
-0.092571921646595, -0.007522243075072765, 0.07880173623561859, -5.26517915725708, -1.5603196620941162, 85.1094741821289
-0.09402172267436981, -0.006016718223690987, 0.08135711401700974, -5.393459320068359, -1.5852699279785156, 86.39971160888672
-0.09504580497741699, -0.004713473375886679, 0.08345390856266022, -5.523943901062012, -1.6101651191711426, 87.70384979248047
-0.09601001441478729, -0.0032934844493865967, 0.08576081693172455, -5.657204627990723, -1.635418176651001, 89.02816772460938
-0.0972822979092598, -0.0017024207627400756, 0.08808635920286179, -5.791727542877197, -1.6606348752975464, 90.35466766357422
-0.0984736829996109, -0.0008152493974193931, 0.08993825316429138, -5.928158760070801, -1.6857773065567017, 91.68740844726562
-0.0990733727812767, -0.0006068615475669503, 0.09139327704906464, -6.062803268432617, -1.7103149890899658, 93.00578308105469
-0.09949539601802826, -0.0007606238359585404, 0.09255486726760864, -6.198487758636475, -1.7347079515457153, 94.32933044433594
-0.10037527978420258, 0.0009357938542962074, 0.09416428208351135, -6.3332953453063965, -1.7594605684280396, 95.64219665527344
-0.10193128883838654, 0.003944999538362026, 0.09590812772512436, -6.468535423278809, -1.7840784788131714, 96.93930053710938
-0.10353656113147736, 0.006082294043153524, 0.09750597923994064, -6.603941440582275, -1.8084694147109985, 98.21632385253906
-0.10490603744983673, 0.0065197814255952835, 0.09870617091655731, -6.7440338134765625, -1.8325663805007935, 99.51615142822266
-0.10584966838359833, 0.0058520399034023285, 0.09984996914863586, -6.8870954513549805, -1.8563950061798096, 100.83019256591797
-0.10693078488111496, 0.005433449987322092, 0.1010880395770073, -7.032124042510986, -1.880204677581787, 102.14546203613281
-0.10860895365476608, 0.006428340449929237, 0.10282108187675476, -7.177604675292969, -1.9040366411209106, 103.43759155273438
-0.11018674075603485, 0.007742914836853743, 0.1048317477107048, -7.3242292404174805, -1.9278947114944458, 104.71782684326172
-0.11130274087190628, 0.00879273284226656, 0.10661385953426361, -7.473665237426758, -1.9520182609558105, 106.00447845458984
-0.11187992990016937, 0.008568825200200081, 0.10796509683132172, -7.628972053527832, -1.976692795753479, 107.3307113647461
-0.11229254305362701, 0.007472222670912743, 0.10886000841856003, -7.78798246383667, -2.0013794898986816, 108.68254089355469
-0.11257755756378174, 0.0067269448190927505, 0.10962844640016556, -7.944325923919678, -2.025585889816284, 110.01496887207031
-0.11325030028820038, 0.006712792441248894, 0.11060476303100586, -8.101210594177246, -2.0498385429382324, 111.34564971923828
-0.11371258646249771, 0.0072711193934082985, 0.11163090914487839, -8.25826644897461, -2.074367046356201, 112.68158721923828
-0.11379127949476242, 0.008081980980932713, 0.11244471371173859, -8.408979415893555, -2.098271131515503, 113.97096252441406
-0.11389879882335663, 0.008764669299125671, 0.11305858939886093, -8.560516357421875, -2.122121810913086, 115.26326751708984
-0.11437978595495224, 0.009759264998137951, 0.11385196447372437, -8.707291603088379, -2.1448919773101807, 116.51054382324219
-0.11494461447000504, 0.010473153553903103, 0.11477972567081451, -8.85398006439209, -2.1671853065490723, 117.74967193603516
-0.11536954343318939, 0.010935182683169842, 0.11578112840652466, -9.001372337341309, -2.18929386138916, 118.98307800292969
-0.1153762936592102, 0.010739662684500217, 0.1165599375963211, -9.150935173034668, -2.2115907669067383, 120.23613739013672
-0.11532332003116608, 0.010613219812512398, 0.11735595017671585, -9.298630714416504, -2.2335293292999268, 121.47180938720703
-0.11497578769922256, 0.010813122615218163, 0.11823350191116333, -9.44467830657959, -2.2553696632385254, 122.70294952392578
-0.11489742994308472, 0.011277773417532444, 0.11945542693138123, -9.59284782409668, -2.277458906173706, 123.95162963867188
-0.11466240137815475, 0.011486761271953583, 0.12044022232294083, -9.742389678955078, -2.2994558811187744, 125.21717834472656
-0.11422745138406754, 0.011890572495758533, 0.1214996799826622, -9.893448829650879, -2.3221755027770996, 126.50484466552734
-0.11358307301998138, 0.012056591920554638, 0.12253577262163162, -10.045660972595215, -2.3456201553344727, 127.8187484741211
-0.11276988685131073, 0.011894521303474903, 0.12358270585536957, -10.199020385742188, -2.3689801692962646, 129.16236877441406
-0.11200770735740662, 0.012195322662591934, 0.12495831400156021, -10.353100776672363, -2.392906904220581, 130.525390625
-0.11168333142995834, 0.01285982970148325, 0.12644267082214355, -10.507997512817383, -2.416935443878174, 131.8979949951172
-0.1117137223482132, 0.014069415628910065, 0.1276608556509018, -10.663857460021973, -2.440920352935791, 133.2729949951172
-0.11200498044490814, 0.01486122701317072, 0.1288161426782608, -10.821599006652832, -2.4650113582611084, 134.65252685546875
-0.11304178833961487, 0.016865335404872894, 0.1305045783519745, -10.981422424316406, -2.489184617996216, 136.02743530273438
-0.11394080519676208, 0.018448617309331894, 0.13183695077896118, -11.139780044555664, -2.51309871673584, 137.37965393066406
-0.11507473886013031, 0.018890677019953728, 0.1330697387456894, -11.299663543701172, -2.5367918014526367, 138.72572326660156
-0.11718538403511047, 0.019206436350941658, 0.13445936143398285, -11.461593627929688, -2.5600059032440186, 140.05340576171875
-0.11981173604726791, 0.021073654294013977, 0.13656415045261383, -11.628793716430664, -2.583914279937744, 141.39097595214844
-0.12265211343765259, 0.022930262610316277, 0.138723686337471, -11.805153846740723, -2.6084814071655273, 142.7567901611328
-0.12521475553512573, 0.02385972999036312, 0.14035703241825104, -11.988341331481934, -2.6334900856018066, 144.14231872558594
-0.12710897624492645, 0.024338534101843834, 0.1418505162000656, -12.173074722290039, -2.658672571182251, 145.51905822753906
-0.12792004644870758, 0.02354244701564312, 0.14304900169372559, -12.358877182006836, -2.6835060119628906, 146.90182495117188
-0.1288362443447113, 0.022679926827549934, 0.14406518638134003, -12.5431489944458, -2.7078704833984375, 148.2689971923828
-0.12993551790714264, 0.02228623256087303, 0.14524079859256744, -12.7225923538208, -2.7314138412475586, 149.59213256835938
-0.1313936561346054, 0.02232743427157402, 0.14654411375522614, -12.898597717285156, -2.754088878631592, 150.87139892578125
-0.13223087787628174, 0.021663794293999672, 0.14735019207000732, -13.073930740356445, -2.776602268218994, 152.1421661376953
-0.13304923474788666, 0.021062783896923065, 0.14811290800571442, -13.252814292907715, -2.7994544506073, 153.43003845214844
-0.13417288661003113, 0.02145995758473873, 0.1492398977279663, -13.425556182861328, -2.8218541145324707, 154.66329956054688
-0.13522732257843018, 0.021521229296922684, 0.15023867785930634, -13.603293418884277, -2.844465970993042, 155.92027282714844
-0.13657695055007935, 0.021055568009614944, 0.1512141078710556, -13.78843879699707, -2.8678789138793945, 157.2191162109375
-0.1391199380159378, 0.02106485143303871, 0.15264008939266205, -13.979134559631348, -2.8919293880462646, 158.52951049804688
-0.14234697818756104, 0.022667421028017998, 0.1548936665058136, -14.174280166625977, -2.916635513305664, 159.83447265625
-0.14579756557941437, 0.02449498325586319, 0.15742045640945435, -14.369583129882812, -2.9414212703704834, 161.11068725585938
-0.14859886467456818, 0.025179730728268623, 0.15945841372013092, -14.567948341369629, -2.965799331665039, 162.38465881347656
-0.15004122257232666, 0.024781228974461555, 0.16082829236984253, -14.767217636108398, -2.98984694480896, 163.66554260253906
-0.1511467546224594, 0.024105550721287727, 0.16217289865016937, -14.96982192993164, -3.0138728618621826, 164.9623260498047
-0.1515963226556778, 0.023544616997241974, 0.16356433928012848, -15.174327850341797, -3.037947654724121, 166.273193359375
-0.15201619267463684, 0.023652462288737297, 0.1654028743505478, -15.38192081451416, -3.0626068115234375, 167.6021270751953
-0.15241600573062897, 0.02430478297173977, 0.16764488816261292, -15.590036392211914, -3.0876004695892334, 168.93260192871094
-0.15324649214744568, 0.025797108188271523, 0.17035210132598877, -15.797456741333008, -3.1128926277160645, 170.2437286376953
-0.15485930442810059, 0.02813022956252098, 0.1731732040643692, -16.005605697631836, -3.1381049156188965, 171.5402374267578
-0.15628890693187714, 0.028950488194823265, 0.17488433420658112, -16.215194702148438, -3.162501573562622, 172.83062744140625
-0.15714861452579498, 0.028646759688854218, 0.1760660856962204, -16.423250198364258, -3.1860339641571045, 174.11180114746094
-0.15756310522556305, 0.02739284373819828, 0.17705883085727692, -16.627574920654297, -3.2087714672088623, 175.36862182617188
-0.15778189897537231, 0.026471303775906563, 0.17809228599071503, -16.827415466308594, -3.2308106422424316, 176.59620666503906
-0.15788371860980988, 0.026128340512514114, 0.17942510545253754, -17.02421760559082, -3.252779245376587, 177.80413818359375
-0.1582498848438263, 0.026545926928520203, 0.1814836710691452, -17.219470977783203, -3.274998188018799, 179.00010681152344
-0.15820172429084778, 0.027167273685336113, 0.1839207261800766, -17.41303825378418, -3.2976739406585693, 180.18875122070312
-0.15823045372962952, 0.028011023998260498, 0.1863570213317871, -17.604154586791992, -3.3202080726623535, 181.36309814453125
-0.15811100602149963, 0.028396962210536003, 0.18837544322013855, -17.793628692626953, -3.342350482940674, 182.52810668945312
-0.1577693372964859, 0.028692852705717087, 0.19015274941921234, -17.98411750793457, -3.3646461963653564, 183.70501708984375
-0.15805675089359283, 0.029504941776394844, 0.19209587574005127, -18.17674446105957, -3.3872687816619873, 184.8895263671875
-0.15895013511180878, 0.03188652917742729, 0.19432173669338226, -18.374839782714844, -3.4107043743133545, 186.1000213623047
-0.16034334897994995, 0.034022144973278046, 0.19620120525360107, -18.580535888671875, -3.434351682662964, 187.33807373046875
-0.16116072237491608, 0.033992867916822433, 0.19715821743011475, -18.791706085205078, -3.4575328826904297, 188.60537719726562
-0.16205258667469025, 0.03132247179746628, 0.19769831001758575, -19.012378692626953, -3.4804375171661377, 189.9197540283203
-0.16274413466453552, 0.0291159488260746, 0.19838525354862213, -19.237308502197266, -3.5036306381225586, 191.25927734375
-0.16381514072418213, 0.028313109651207924, 0.19922219216823578, -19.46352767944336, -3.5272202491760254, 192.5973663330078
-0.16553716361522675, 0.02848142571747303, 0.20043736696243286, -19.693525314331055, -3.551569700241089, 193.94374084472656
-0.1677076816558838, 0.029196448624134064, 0.20206180214881897, -19.92505645751953, -3.5764355659484863, 195.27850341796875
-0.16958604753017426, 0.029638877138495445, 0.20349013805389404, -20.15826416015625, -3.6015424728393555, 196.60675048828125
-0.17172597348690033, 0.029675781726837158, 0.20466235280036926, -20.397348403930664, -3.626586437225342, 197.9507598876953
-0.17375187575817108, 0.029304035007953644, 0.20541992783546448, -20.640117645263672, -3.651219367980957, 199.3003387451172
-0.17582924664020538, 0.02958441898226738, 0.20656193792819977, -20.882150650024414, -3.6755692958831787, 200.63272094726562
-0.1781122088432312, 0.030208135023713112, 0.2080206274986267, -21.125089645385742, -3.700038194656372, 201.9527587890625
-0.1800563931465149, 0.030741531401872635, 0.20975230634212494, -21.368257522583008, -3.724449634552002, 203.25872802734375
-0.1813579946756363, 0.030937418341636658, 0.21126416325569153, -21.612428665161133, -3.7488348484039307, 204.56338500976562
-0.18230360746383667, 0.030901070684194565, 0.21274374425411224, -21.856170654296875, -3.7728586196899414, 205.861572265625
-0.1832653433084488, 0.031000182032585144, 0.21434956789016724, -22.099199295043945, -3.796684980392456, 207.1494903564453
-0.18432921171188354, 0.03112499974668026, 0.2158687859773636, -22.34424591064453, -3.8203542232513428, 208.43653869628906
-0.1856592744588852, 0.03132382407784462, 0.21745090186595917, -22.589214324951172, -3.843968152999878, 209.71392822265625
-0.18704979121685028, 0.031244201585650444, 0.218876913189888, -22.835832595825195, -3.8674168586730957, 210.9886474609375
-0.1882539838552475, 0.03126736730337143, 0.22042125463485718, -23.07903480529785, -3.890082836151123, 212.23828125
-0.1894252598285675, 0.031843408942222595, 0.22218331694602966, -23.322389602661133, -3.9128589630126953, 213.48312377929688
-0.19034412503242493, 0.03205784410238266, 0.22388334572315216, -23.567087173461914, -3.935741662979126, 214.72706604003906
-0.1915227770805359, 0.031882669776678085, 0.2255784124135971, -23.815046310424805, -3.9587631225585938, 215.9791717529297
-0.19231362640857697, 0.03137059882283211, 0.22710031270980835, -24.064193725585938, -3.981783151626587, 217.23377990722656
-0.19275961816310883, 0.030504614114761353, 0.22862645983695984, -24.31414031982422, -4.004771709442139, 218.4915008544922
-0.19317859411239624, 0.029382625594735146, 0.22993510961532593, -24.569528579711914, -4.028190612792969, 219.77182006835938
-0.19379308819770813, 0.02770356833934784, 0.23089510202407837, -24.83474349975586, -4.052181720733643, 221.09666442871094
-0.19405941665172577, 0.024954618886113167, 0.23144716024398804, -25.101818084716797, -4.075621604919434, 222.4376983642578
-0.19416412711143494, 0.023266883566975594, 0.23215733468532562, -25.366994857788086, -4.099269866943359, 223.7725372314453
-0.19466006755828857, 0.023330681025981903, 0.2333894670009613, -25.631582260131836, -4.123733997344971, 225.09922790527344
-0.19577182829380035, 0.023939000442624092, 0.2348674237728119, -25.896223068237305, -4.148637771606445, 226.41551208496094
-0.19687794148921967, 0.023821599781513214, 0.23595021665096283, -26.163711547851562, -4.173769474029541, 227.7359161376953
-0.198131263256073, 0.02349868230521679, 0.2368219494819641, -26.43156623840332, -4.198498725891113, 229.04640197753906
-0.19944524765014648, 0.02373487688601017, 0.2376299351453781, -26.69968032836914, -4.222785949707031, 230.3490447998047
-0.20107801258563995, 0.024512706324458122, 0.23834867775440216, -26.969356536865234, -4.246901512145996, 231.6466827392578
-0.20203658938407898, 0.02521274983882904, 0.2389763444662094, -27.237762451171875, -4.2708916664123535, 232.9402313232422
-0.20277617871761322, 0.025874309241771698, 0.24004152417182922, -27.504920959472656, -4.294873237609863, 234.22386169433594
-0.20382899045944214, 0.026521045714616776, 0.24172738194465637, -27.773000717163086, -4.318727970123291, 235.50872802734375
-0.20511218905448914, 0.02647060714662075, 0.24338504672050476, -28.042701721191406, -4.342069625854492, 236.78878784179688
-0.20627863705158234, 0.02560536377131939, 0.24496902525424957, -28.312849044799805, -4.364758491516113, 238.05990600585938
-0.20799194276332855, 0.024349162355065346, 0.24658770859241486, -28.58509063720703, -4.387282371520996, 239.32708740234375
-0.20981661975383759, 0.023671647533774376, 0.24850736558437347, -28.850543975830078, -4.409290790557861, 240.55242919921875
-0.21182850003242493, 0.023604849353432655, 0.25064414739608765, -29.11624526977539, -4.4310173988342285, 241.7661590576172
-0.2129354625940323, 0.022509125992655754, 0.2521267235279083, -29.383955001831055, -4.45242166519165, 242.98487854003906
-0.21375307440757751, 0.02079007774591446, 0.25336065888404846, -29.654577255249023, -4.473884582519531, 244.2129669189453
-0.21507111191749573, 0.019807100296020508, 0.2547600269317627, -29.935449600219727, -4.496546745300293, 245.476806640625
-0.2167470008134842, 0.019838958978652954, 0.2562364935874939, -30.215980529785156, -4.519536972045898, 246.7293243408203
-0.21831870079040527, 0.019477665424346924, 0.25741422176361084, -30.503328323364258, -4.542891025543213, 248.00173950195312
-0.21938534080982208, 0.018736572936177254, 0.25830578804016113, -30.790040969848633, -4.565921783447266, 249.2681121826172
-0.22036030888557434, 0.018234599381685257, 0.25933927297592163, -31.072505950927734, -4.588571548461914, 250.51405334472656
-0.22210058569908142, 0.01731157675385475, 0.26049086451530457, -31.36777687072754, -4.611579895019531, 251.79981994628906
-0.2242662012577057, 0.016198117285966873, 0.2614279091358185, -31.671539306640625, -4.634912967681885, 253.09938049316406
-0.22672118246555328, 0.015372663736343384, 0.2625758945941925, -31.968177795410156, -4.657394886016846, 254.34713745117188
-0.2289288491010666, 0.015035218559205532, 0.26371484994888306, -32.24162673950195, -4.677858829498291, 255.4853057861328
-0.23062072694301605, 0.01445721834897995, 0.2646750509738922, -32.5164909362793, -4.697853088378906, 256.6233215332031
-0.2318088263273239, 0.013367765583097935, 0.26571014523506165, -32.77926254272461, -4.716882228851318, 257.71197509765625
-0.2325468212366104, 0.012528829276561737, 0.2670578062534332, -33.028079986572266, -4.735159397125244, 258.7467041015625
-0.23358505964279175, 0.01284840889275074, 0.26915866136550903, -33.27332305908203, -4.753877639770508, 259.7596740722656
-0.234903484582901, 0.013641313649713993, 0.2716335356235504, -33.53309631347656, -4.773925304412842, 260.82611083984375
-0.23616889119148254, 0.013539680279791355, 0.2738529443740845, -33.803672790527344, -4.794559001922607, 261.9305419921875
-0.2373042106628418, 0.013251894153654575, 0.2759934067726135, -34.075504302978516, -4.815171241760254, 263.0348205566406
-0.23857198655605316, 0.013486191630363464, 0.2783636450767517, -34.34571075439453, -4.835453510284424, 264.1295471191406
-0.23911888897418976, 0.013293103314936161, 0.28054720163345337, -34.623592376708984, -4.8558349609375, 265.2606201171875
-0.23938903212547302, 0.012955007143318653, 0.2826510965824127, -34.896888732910156, -4.8764448165893555, 266.3746643066406
-0.24038293957710266, 0.012838652357459068, 0.28443682193756104, -35.16928482055664, -4.896651744842529, 267.4738464355469
-0.24138857424259186, 0.012539348565042019, 0.28582775592803955, -35.43158721923828, -4.9157843589782715, 268.52349853515625
-0.24221080541610718, 0.011948027648031712, 0.28675684332847595, -35.686370849609375, -4.934208393096924, 269.5404968261719
-0.2427511215209961, 0.011635410599410534, 0.2876143157482147, -35.9368896484375, -4.952385425567627, 270.5404968261719
-0.24303846061229706, 0.011353002861142159, 0.2883646786212921, -36.20354080200195, -4.971756458282471, 271.6024169921875
-0.24276244640350342, 0.01145989540964365, 0.2890314757823944, -36.48487091064453, -4.99287223815918, 272.7289733886719
-0.24281105399131775, 0.012601455673575401, 0.29039275646209717, -36.783485412597656, -5.016194820404053, 273.9244689941406
-0.24277515709400177, 0.013524508103728294, 0.2922375202178955, -37.09955596923828, -5.040889739990234, 275.18914794921875
-0.24252788722515106, 0.013752240687608719, 0.2937201261520386, -37.42818832397461, -5.066746234893799, 276.5046691894531
-0.24290414154529572, 0.013667800463736057, 0.294661283493042, -37.76445007324219, -5.092715263366699, 277.8438415527344
-0.24352562427520752, 0.013069955632090569, 0.29485395550727844, -38.10203170776367, -5.117715358734131, 279.1817321777344
-0.24424690008163452, 0.011741853319108486, 0.2945191264152527, -38.435970306396484, -5.14134407043457, 280.49920654296875
-0.24532268941402435, 0.010480288416147232, 0.294302374124527, -38.778263092041016, -5.165258884429932, 281.83905029296875
-0.24665746092796326, 0.009804879315197468, 0.2943876087665558, -39.12788009643555, -5.189508438110352, 283.1977233886719
-0.2477807104587555, 0.009516946971416473, 0.2948194742202759, -39.482582092285156, -5.214282512664795, 284.5707092285156
-0.24882440268993378, 0.008991900831460953, 0.29549089074134827, -39.847389221191406, -5.2397379875183105, 285.9765319824219
-0.24999842047691345, 0.008143005892634392, 0.29627761244773865, -40.21906661987305, -5.2658233642578125, 287.4008483886719
-0.25119343400001526, 0.007292252033948898, 0.2970850467681885, -40.59389877319336, -5.29207181930542, 288.82952880859375
-0.25305095314979553, 0.007205619476735592, 0.2982732653617859, -40.974151611328125, -5.3188886642456055, 290.26580810546875
-0.25496047735214233, 0.0072522517293691635, 0.29952362179756165, -41.36082458496094, -5.346173286437988, 291.713134765625
-0.25669795274734497, 0.006750657223165035, 0.30056652426719666, -41.74266815185547, -5.372549057006836, 293.1347961425781
-0.2590636610984802, 0.006379866041243076, 0.3017575442790985, -42.12266540527344, -5.398749351501465, 294.5351257324219
-0.2636278569698334, 0.007125650066882372, 0.3033166229724884, -42.51079559326172, -5.425213813781738, 295.92938232421875
-0.268121600151062, 0.00729678338393569, 0.3047238290309906, -42.9076042175293, -5.451602458953857, 297.3252868652344
-0.27338138222694397, 0.00833804253488779, 0.3059596121311188, -43.312538146972656, -5.4781494140625, 298.715087890625
-0.27927887439727783, 0.010061155073344707, 0.3073636591434479, -43.72505569458008, -5.505068302154541, 300.09381103515625
-0.28409773111343384, 0.010955318808555603, 0.30844518542289734, -44.14472198486328, -5.531945705413818, 301.47161865234375
-0.2876436412334442, 0.010616607032716274, 0.3087618947029114, -44.560977935791016, -5.558259963989258, 302.8281555175781
-0.2902091443538666, 0.00985812023282051, 0.3088463246822357, -44.98409652709961, -5.584171772003174, 304.2031555175781
-0.2931254804134369, 0.010159751400351524, 0.309293657541275, -45.4067497253418, -5.610018730163574, 305.5634460449219
-0.29699963331222534, 0.01066737249493599, 0.3100375533103943, -45.839141845703125, -5.63654088973999, 306.93255615234375
-0.30097469687461853, 0.010770890861749649, 0.3106464147567749, -46.28398513793945, -5.66367244720459, 308.32073974609375
-0.3039287030696869, 0.010578849352896214, 0.3111092150211334, -46.72366714477539, -5.690139293670654, 309.6827697753906
-0.30666738748550415, 0.01017569750547409, 0.31147369742393494, -47.168949127197266, -5.716202735900879, 311.0502624511719
-0.30868420004844666, 0.010086450725793839, 0.3118472099304199, -47.60634994506836, -5.741664409637451, 312.39166259765625
-0.31021609902381897, 0.010003091767430305, 0.3122466802597046, -48.04637145996094, -5.767091274261475, 313.7402038574219
-0.3113626539707184, 0.009673588909208775, 0.3128112256526947, -48.490394592285156, -5.792670726776123, 315.1004638671875
-0.31267377734184265, 0.009596427902579308, 0.31364285945892334, -48.92043685913086, -5.817610263824463, 316.4120788574219
-0.31380021572113037, 0.009584414772689342, 0.3145672380924225, -49.344825744628906, -5.842050075531006, 317.70025634765625
-0.3151661157608032, 0.009420345537364483, 0.31539419293403625, -49.765602111816406, -5.866087913513184, 318.96942138671875
-0.31652289628982544, 0.009107407182455063, 0.3162308633327484, -50.18971252441406, -5.8903608322143555, 320.2431945800781
-0.31847018003463745, 0.009634437039494514, 0.3178335428237915, -50.61955261230469, -5.915400981903076, 321.52508544921875
-0.3197312355041504, 0.009220238775014877, 0.31955716013908386, -51.06081008911133, -5.941225528717041, 322.83917236328125
-0.3200654685497284, 0.008104666136205196, 0.3209264874458313, -51.50619125366211, -5.966675758361816, 324.167724609375
-0.31959182024002075, 0.007602461148053408, 0.32277026772499084, -51.946998596191406, -5.992210388183594, 325.4905700683594
-0.31863075494766235, 0.0066584269516170025, 0.3242705166339874, -52.399845123291016, -6.0183305740356445, 326.8590393066406
-0.317118763923645, 0.005928710103034973, 0.325183629989624, -52.84552001953125, -6.0444111824035645, 328.2181701660156
-0.31541693210601807, 0.005026729311794043, 0.3261517584323883, -53.294742584228516, -6.070842266082764, 329.59698486328125
-0.31394755840301514, 0.004658641293644905, 0.3272863030433655, -53.74374771118164, -6.097663879394531, 330.985107421875
-0.3133142590522766, 0.004953455645591021, 0.32844945788383484, -54.1796989440918, -6.123699188232422, 332.3324890136719
-0.3134852945804596, 0.005221487022936344, 0.3296143710613251, -54.61381149291992, -6.149105072021484, 333.6667785644531
-0.314301460981369, 0.004985596984624863, 0.3307551443576813, -55.05799865722656, -6.174324989318848, 335.0220642089844
-0.3156832754611969, 0.004472887143492699, 0.3317955434322357, -55.51055908203125, -6.199225902557373, 336.3909606933594
-0.31689032912254333, 0.0038555690553039312, 0.33252668380737305, -55.95772933959961, -6.2239580154418945, 337.7386474609375
-0.3184666633605957, 0.005045581609010696, 0.3336385190486908, -56.40049743652344, -6.248993873596191, 339.06689453125
-0.3197039067745209, 0.006414381787180901, 0.3350655138492584, -56.84346008300781, -6.274155616760254, 340.39996337890625
-0.32048702239990234, 0.006854299455881119, 0.33633238077163696, -57.283653259277344, -6.2985920906066895, 341.7279968261719
-0.3205166757106781, 0.006244960241019726, 0.337543249130249, -57.717613220214844, -6.322190284729004, 343.0406188964844
-0.32037851214408875, 0.005255560390651226, 0.33879828453063965, -58.14501953125, -6.345215320587158, 344.3349914550781
-0.3204854428768158, 0.004705928266048431, 0.3403497636318207, -58.559810638427734, -6.367691516876221, 345.5864562988281
-0.3207448720932007, 0.0042972927913069725, 0.3417757451534271, -58.97723388671875, -6.39040470123291, 346.8413391113281
