0.000000 0.0000000 0.0000000 -0.0000000 0.0000000 -0.0000000 0.0000000 1.0000000
0.519499 -0.0038446 -0.0005493 0.0439114 0.0016249 -0.0213898 -0.0010319 0.9997694
0.623377 -0.0058381 -0.0006159 0.0550410 0.0020304 -0.0281351 -0.0009585 0.9996016
0.830874 -0.0100460 -0.0009186 0.0804351 0.0019482 -0.0458607 -0.0002124 0.9989460
1.142127 -0.0221078 -0.0019627 0.1236115 0.0030409 -0.0790896 -0.0015241 0.9968617
1.660772 -0.0567746 -0.0035937 0.2050247 0.0047895 -0.1526706 -0.0077788 0.9882349
1.868002 -0.0748342 -0.0042997 0.2372255 0.0045755 -0.1876766 -0.0100744 0.9821686
2.282875 -0.1205120 -0.0048098 0.3025391 0.0046128 -0.2649635 -0.0077157 0.9642165
2.490144 -0.1521776 -0.0056618 0.3340687 0.0024875 -0.3116498 -0.0112591 0.9501271
2.697329 -0.1889187 -0.0064478 0.3645067 0.0021835 -0.3625807 -0.0129309 0.9318601
2.904641 -0.2306062 -0.0060448 0.3942815 -0.0000057 -0.4157430 -0.0080697 0.9094463
3.112001 -0.2796042 -0.0058864 0.4204518 -0.0029580 -0.4683712 -0.0067759 0.8835009
3.319374 -0.3365732 -0.0052361 0.4422343 -0.0049169 -0.5207467 -0.0069122 0.8536690
3.526893 -0.3997548 -0.0042056 0.4587800 -0.0068505 -0.5710985 -0.0079477 0.8208145
3.734395 -0.4709753 -0.0038038 0.4715401 -0.0111911 -0.6170195 -0.0077030 0.7868305
3.942122 -0.5488647 -0.0031215 0.4767053 -0.0112062 -0.6556445 -0.0085685 0.7549379
4.150266 -0.6326883 -0.0011781 0.4770193 -0.0093678 -0.6857105 -0.0092640 0.7277551
4.358512 -0.7245190 0.0005656 0.4730395 -0.0075794 -0.7092926 -0.0070375 0.7048383
4.566885 -0.8218624 0.0022154 0.4651226 -0.0056221 -0.7258347 -0.0060345 0.6878198
4.671250 -0.8727963 0.0033268 0.4603508 -0.0054676 -0.7314399 -0.0055751 0.6818612
4.879959 -0.9799629 0.0047685 0.4488298 -0.0059733 -0.7390960 -0.0059969 0.6735469
4.984250 -1.0356605 0.0045554 0.4422772 -0.0056291 -0.7413400 -0.0074055 0.6710652
5.192878 -1.1508257 0.0057073 0.4295406 -0.0070692 -0.7433156 -0.0073402 0.6688632
5.401501 -1.2730997 0.0074866 0.4168367 -0.0090129 -0.7424955 -0.0084344 0.6697373
5.610008 -1.3997877 0.0090011 0.4026033 -0.0067053 -0.7412676 -0.0090197 0.6711156
5.818377 -1.5332073 0.0117478 0.3897087 -0.0076945 -0.7403150 -0.0097405 0.6721455
6.026772 -1.6728780 0.0134276 0.3757603 -0.0088396 -0.7390146 -0.0125771 0.6735141
6.235023 -1.8164349 0.0159916 0.3617339 -0.0061861 -0.7378060 -0.0127947 0.6748632
6.443143 -1.9658428 0.0191165 0.3485145 -0.0073627 -0.7368066 -0.0126488 0.6759452
6.651280 -2.1178706 0.0214326 0.3355216 -0.0097938 -0.7360198 -0.0128822 0.6767665
6.859377 -2.2712588 0.0231234 0.3225906 -0.0062870 -0.7357712 -0.0082080 0.6771512
7.171256 -2.5086620 0.0255767 0.3021651 -0.0089829 -0.7360421 -0.0079424 0.6768296
7.379272 -2.6700480 0.0274917 0.2875273 -0.0120704 -0.7362009 -0.0137674 0.6765153
7.691129 -2.9093747 0.0314673 0.2651186 -0.0095126 -0.7365175 -0.0122195 0.6762412
7.899003 -3.0691128 0.0334105 0.2505005 -0.0099172 -0.7365042 -0.0145249 0.6762043
8.107005 -3.2278683 0.0357453 0.2356330 -0.0071037 -0.7363989 -0.0126192 0.6763926
8.418880 -3.4645500 0.0383829 0.2143648 -0.0067567 -0.7359515 -0.0122228 0.6768903
8.730751 -3.6992366 0.0419072 0.1941164 -0.0116536 -0.7355190 -0.0169982 0.6771906
9.042758 -3.9327085 0.0462535 0.1748410 -0.0087584 -0.7354872 -0.0138419 0.6773407
9.354505 -4.1655402 0.0493522 0.1533119 -0.0045576 -0.7357629 -0.0134579 0.6770902
9.666385 -4.3986125 0.0506912 0.1332960 -0.0068703 -0.7371145 -0.0098933 0.6756605
9.978133 -4.6295724 0.0531894 0.1124392 -0.0114703 -0.7388846 -0.0116082 0.6736343
10.290010 -4.8553371 0.0555415 0.0875693 -0.0042529 -0.7400650 -0.0127119 0.6724018
10.601750 -5.0784588 0.0571118 0.0639435 -0.0039962 -0.7409843 -0.0147204 0.6713490
10.809650 -5.2243800 0.0583021 0.0489516 -0.0047855 -0.7414046 -0.0150706 0.6708720
11.017510 -5.3686247 0.0601831 0.0340365 -0.0073996 -0.7415695 -0.0174570 0.6706081
11.329280 -5.5783315 0.0640816 0.0117793 -0.0078412 -0.7420813 -0.0168861 0.6700513
11.745130 -5.8435230 0.0671682 -0.0161511 -0.0035052 -0.7409934 -0.0144196 0.6713483
12.057260 -6.0270376 0.0681092 -0.0321064 -0.0052613 -0.7352331 -0.0152926 0.6776214
12.473910 -6.2506990 0.0696130 -0.0433425 -0.0049444 -0.7167226 -0.0196427 0.6970642
12.891130 -6.4448152 0.0727403 -0.0302801 -0.0060783 -0.6769590 -0.0180031 0.7357754
13.308760 -6.6084628 0.0734842 0.0093612 -0.0090174 -0.6101799 -0.0149747 0.7920700
13.622130 -6.7161145 0.0742262 0.0625991 -0.0115450 -0.5439817 -0.0042774 0.8390067
13.830760 -6.7832861 0.0755674 0.1074883 -0.0124174 -0.4964744 -0.0033351 0.8679562
14.039380 -6.8445778 0.0762542 0.1612901 -0.0178243 -0.4494920 0.0048928 0.8930931
14.247880 -6.9003592 0.0763194 0.2189551 -0.0129863 -0.4000953 0.0067157 0.9163569
14.456380 -6.9518900 0.0769607 0.2840713 -0.0021246 -0.3464797 0.0067575 0.9380307
14.664880 -6.9998436 0.0766650 0.3612193 0.0005140 -0.2902645 0.0067524 0.9569225
14.873160 -7.0430775 0.0752680 0.4485592 0.0015710 -0.2357841 0.0049556 0.9717916
15.081160 -7.0818014 0.0739815 0.5455940 0.0031073 -0.1896245 -0.0010312 0.9818512
15.288760 -7.1164160 0.0724257 0.6527158 0.0016581 -0.1546929 -0.0034734 0.9879551
15.496190 -7.1467743 0.0713341 0.7690289 -0.0002293 -0.1313292 -0.0030492 0.9913341
15.703610 -7.1765838 0.0706450 0.8924036 -0.0019949 -0.1141351 -0.0066524 0.9934410
15.911010 -7.2035546 0.0697918 1.0220540 -0.0024764 -0.1007973 -0.0076959 0.9948741
16.118550 -7.2279940 0.0694133 1.1579581 -0.0026069 -0.0864677 -0.0078910 0.9962200
16.326140 -7.2500801 0.0684901 1.3004609 -0.0015013 -0.0728757 -0.0088724 0.9973004
16.533760 -7.2687860 0.0669800 1.4469469 0.0041702 -0.0625645 -0.0087050 0.9979942
16.741260 -7.2865720 0.0651470 1.5989716 0.0011488 -0.0551554 -0.0093311 0.9984335
16.948890 -7.3044510 0.0628526 1.7540238 -0.0046670 -0.0504181 -0.0117535 0.9986481
17.156420 -7.3197074 0.0612258 1.9066182 -0.0038056 -0.0471381 -0.0112160 0.9988182
17.364000 -7.3336458 0.0597556 2.0593717 -0.0062007 -0.0443922 -0.0097551 0.9989473
17.571660 -7.3469071 0.0592167 2.2122080 -0.0051556 -0.0416720 -0.0081385 0.9990849
17.779390 -7.3604903 0.0572178 2.3617578 0.0022407 -0.0398578 -0.0101330 0.9991515
17.987010 -7.3726273 0.0544015 2.5113089 0.0033865 -0.0382198 -0.0112349 0.9992005
18.194760 -7.3850245 0.0515082 2.6608386 -0.0010718 -0.0359154 -0.0142258 0.9992530
18.402390 -7.3952909 0.0494968 2.8100603 -0.0019927 -0.0341254 -0.0117641 0.9993463
18.610130 -7.4055147 0.0476335 2.9586253 -0.0010665 -0.0330372 -0.0106098 0.9993972
18.817760 -7.4153938 0.0459426 3.1073873 -0.0004982 -0.0322388 -0.0093580 0.9994363
19.025510 -7.4264693 0.0437346 3.2593327 -0.0005797 -0.0317473 -0.0107209 0.9994383
19.337010 -7.4426942 0.0407156 3.4886379 -0.0007418 -0.0352284 -0.0104624 0.9993243
19.648510 -7.4633803 0.0377927 3.7217567 0.0037148 -0.0390608 -0.0131696 0.9991431
19.856260 -7.4779439 0.0351890 3.8813469 0.0039190 -0.0410420 -0.0128896 0.9990666
20.167930 -7.4993653 0.0313627 4.1244860 0.0007574 -0.0436204 -0.0115593 0.9989810
20.271890 -7.5069776 0.0303911 4.2071695 -0.0016132 -0.0441283 -0.0113279 0.9989603
20.479750 -7.5220041 0.0281412 4.3726578 -0.0028593 -0.0429038 -0.0127203 0.9989941
20.687510 -7.5362253 0.0270516 4.5396857 -0.0010154 -0.0412517 -0.0116702 0.9990801
20.895390 -7.5496192 0.0252787 4.7079597 -0.0000995 -0.0393859 -0.0091595 0.9991821
21.207140 -7.5687714 0.0213732 4.9596605 -0.0029758 -0.0382336 -0.0063249 0.9992444
21.519010 -7.5888414 0.0177502 5.2063904 0.0044732 -0.0369910 -0.0094505 0.9992609
21.830760 -7.6081171 0.0115757 5.4501667 0.0047924 -0.0360188 -0.0102025 0.9992875
22.038660 -7.6204047 0.0081085 5.6121302 -0.0035138 -0.0369320 -0.0092507 0.9992688
22.350390 -7.6378932 0.0042857 5.8486094 -0.0000450 -0.0407673 -0.0052310 0.9991550
22.558370 -7.6524901 0.0013869 6.0043783 0.0029475 -0.0438504 -0.0070217 0.9990091
22.766140 -7.6673837 -0.0021174 6.1579432 0.0068101 -0.0474964 -0.0085622 0.9988115
22.974020 -7.6844487 -0.0060722 6.3094831 0.0061878 -0.0509039 -0.0126725 0.9986040
23.181990 -7.7010331 -0.0102473 6.4592719 0.0003768 -0.0552309 -0.0136055 0.9983808
23.389770 -7.7196045 -0.0119003 6.6048946 -0.0016875 -0.0610288 -0.0131656 0.9980478
23.597640 -7.7395129 -0.0137339 6.7486687 -0.0033682 -0.0672988 -0.0123386 0.9976509
23.805540 -7.7623706 -0.0154542 6.8896699 -0.0009150 -0.0731816 -0.0156318 0.9971957
24.013390 -7.7844191 -0.0177082 7.0282493 0.0012442 -0.0791318 -0.0157875 0.9967384
24.221270 -7.8092842 -0.0189350 7.1664128 -0.0031710 -0.0845045 -0.0167833 0.9962767
24.429140 -7.8343158 -0.0210990 7.3017821 -0.0025993 -0.0913460 -0.0153765 0.9956971
24.636890 -7.8611746 -0.0223314 7.4343953 0.0018449 -0.1002511 -0.0130311 0.9948751
24.844640 -7.8907847 -0.0242090 7.5673609 -0.0027113 -0.1115243 -0.0123982 0.9936807
25.052390 -7.9243436 -0.0249244 7.6983414 -0.0080621 -0.1233153 -0.0131951 0.9922470
25.364010 -7.9797144 -0.0250791 7.8882689 0.0018745 -0.1416364 -0.0145230 0.9898104
25.571790 -8.0205956 -0.0260305 8.0164919 -0.0043388 -0.1539264 -0.0135939 0.9879792
25.779520 -8.0646524 -0.0266402 8.1418982 -0.0062632 -0.1666109 -0.0119630 0.9859303
26.091270 -8.1348162 -0.0279640 8.3275099 0.0019960 -0.1812910 -0.0083300 0.9833922
26.299290 -8.1855907 -0.0297946 8.4509478 0.0036093 -0.1891577 -0.0112842 0.9818752
26.611020 -8.2641945 -0.0312987 8.6362457 -0.0050180 -0.2012124 -0.0106401 0.9794770
26.818890 -8.3212662 -0.0324436 8.7580528 -0.0052696 -0.2073496 -0.0191395 0.9780655
27.026890 -8.3763142 -0.0326565 8.8782196 0.0016640 -0.2129901 -0.0147089 0.9769422
27.234770 -8.4348707 -0.0337292 9.0000238 0.0000038 -0.2174603 -0.0178404 0.9759061
27.546520 -8.5244522 -0.0362646 9.1819725 0.0017380 -0.2256260 -0.0168624 0.9740665
27.754390 -8.5857620 -0.0374459 9.3018064 0.0060209 -0.2307744 -0.0167579 0.9728443
28.066150 -8.6801901 -0.0407867 9.4811268 0.0029485 -0.2376618 -0.0190446 0.9711568
28.274040 -8.7436409 -0.0428524 9.5991716 0.0032013 -0.2423893 -0.0170063 0.9700247
28.481890 -8.8081846 -0.0445045 9.7156258 0.0029203 -0.2469022 -0.0174981 0.9688780
28.689660 -8.8725405 -0.0471271 9.8295174 0.0048054 -0.2516901 -0.0167483 0.9676510
28.897520 -8.9363813 -0.0497129 9.9410725 0.0081180 -0.2562449 -0.0151723 0.9664587
29.105390 -9.0008316 -0.0519398 10.0516911 0.0020540 -0.2599133 -0.0166518 0.9654862
29.313270 -9.0634384 -0.0535396 10.1594639 -0.0056550 -0.2630785 -0.0151527 0.9646388
29.625020 -9.1542997 -0.0539254 10.3100090 -0.0026098 -0.2680445 -0.0121245 0.9633267
29.936770 -9.2393122 -0.0548408 10.4491558 -0.0025697 -0.2721802 -0.0105539 0.9621850
30.248520 -9.3175917 -0.0563603 10.5739183 -0.0042212 -0.2757432 -0.0085217 0.9611843
30.560270 -9.3869400 -0.0579432 10.6819639 0.0001402 -0.2794321 -0.0078559 0.9601333
30.871790 -9.4491472 -0.0587001 10.7766352 -0.0005468 -0.2867111 -0.0042377 0.9580076
31.183270 -9.5065193 -0.0595101 10.8559313 -0.0053253 -0.2961885 -0.0105826 0.9550560
31.494660 -9.5550375 -0.0602279 10.9227257 -0.0094558 -0.3103036 -0.0076713 0.9505596
31.805770 -9.5995626 -0.0603679 10.9752254 -0.0103265 -0.3344644 -0.0074498 0.9423224
32.116900 -9.6405888 -0.0605315 11.0156250 -0.0038943 -0.3659075 -0.0056633 0.9306259
32.428170 -9.6827850 -0.0603753 11.0489855 0.0015002 -0.3976579 -0.0111260 0.9174651
32.739270 -9.7274094 -0.0598466 11.0807695 -0.0018679 -0.4342179 -0.0096207 0.9007546
33.050400 -9.7755156 -0.0596728 11.1064787 -0.0042480 -0.4748537 -0.0152874 0.8799217
33.257770 -9.8085537 -0.0601074 11.1198950 -0.0046497 -0.5015099 -0.0198313 0.8649121
33.465270 -9.8424845 -0.0605943 11.1319256 -0.0055089 -0.5293414 -0.0212886 0.8481239
33.672790 -9.8806086 -0.0601159 11.1430931 -0.0025241 -0.5601384 -0.0192127 0.8281724
33.880040 -9.9262972 -0.0591736 11.1526804 -0.0019797 -0.5950582 -0.0183186 0.8034714
34.087400 -9.9775143 -0.0579718 11.1581764 -0.0013649 -0.6318425 -0.0167423 0.7749147
34.294770 -10.0351553 -0.0566118 11.1583071 -0.0015946 -0.6696745 -0.0159689 0.7424813
34.502140 -10.0980177 -0.0550012 11.1537790 -0.0048167 -0.7079307 -0.0161774 0.7060801
34.709660 -10.1647320 -0.0532677 11.1426210 -0.0087272 -0.7449859 -0.0152743 0.6668481
34.917150 -10.2375498 -0.0494011 11.1227388 -0.0104066 -0.7792252 -0.0150202 0.6264777
35.124770 -10.3145895 -0.0461233 11.0946283 -0.0135006 -0.8100367 -0.0132770 0.5860733
35.332520 -10.3946533 -0.0439751 11.0568209 -0.0176697 -0.8376578 -0.0108065 0.5458025
35.540420 -10.4777966 -0.0414289 11.0083666 -0.0202500 -0.8612179 -0.0094908 0.5077436
35.852770 -10.6111078 -0.0367197 10.9137411 0.0195072 0.8853214 0.0094780 -0.4644735
36.061290 -10.7059851 -0.0334205 10.8404713 0.0180721 0.8940661 0.0098527 -0.4474619
36.165670 -10.7551107 -0.0318309 10.8018360 0.0185422 0.8971777 0.0098706 -0.4411699
36.374170 -10.8572474 -0.0286127 10.7191248 0.0199067 0.9019782 0.0100559 -0.4312052
36.582670 -10.9637718 -0.0253369 10.6292648 0.0195603 0.9052153 0.0109120 -0.4243626
36.791110 -11.0747719 -0.0213530 10.5344791 0.0202165 0.9073050 0.0109785 -0.4198433
36.999490 -11.1906366 -0.0176619 10.4345045 0.0209057 0.9081485 0.0111472 -0.4179774
37.207650 -11.3110380 -0.0131708 10.3310013 0.0208164 0.9085765 0.0102535 -0.4170735
37.415890 -11.4361391 -0.0082357 10.2224379 0.0210452 0.9089389 0.0099529 -0.4162788
37.624150 -11.5664120 -0.0041697 10.1083393 0.0212969 0.9093156 0.0125183 -0.4153732
37.832280 -11.6987782 0.0002653 9.9926481 0.0212076 0.9097180 0.0114285 -0.4145271
38.144280 -11.9050207 0.0074837 9.8117466 0.0234148 0.9102004 0.0092164 -0.4134032
38.352280 -12.0456676 0.0111499 9.6867666 0.0219480 0.9108090 0.0061581 -0.4121982
38.560150 -12.1891851 0.0147658 9.5578957 0.0190593 0.9109855 0.0050366 -0.4119670
38.768150 -12.3364677 0.0174444 9.4270487 0.0190116 0.9109484 0.0075901 -0.4120121
38.976020 -12.4851179 0.0208563 9.2956161 0.0209495 0.9110593 0.0090802 -0.4116426
39.183930 -12.6324368 0.0241453 9.1638641 0.0217462 0.9110674 0.0094117 -0.4115759
39.391750 -12.7797976 0.0281750 9.0315771 0.0212119 0.9111183 0.0102827 -0.4114703
39.703630 -13.0023575 0.0336000 8.8345871 0.0215579 0.9114738 0.0114401 -0.4106335
40.015280 -13.2228861 0.0401253 8.6383238 0.0225622 0.9121775 0.0102644 -0.4090450
40.326930 -13.4408569 0.0459947 8.4415016 0.0212637 0.9127169 0.0095887 -0.4079262
40.638670 -13.6563864 0.0506692 8.2450027 0.0186098 0.9125466 0.0110048 -0.4084009
40.846410 -13.8003464 0.0545203 8.1157064 0.0172250 0.9120292 0.0100197 -0.4096408
41.054600 -13.9457836 0.0579134 7.9871645 0.0188365 0.9114265 0.0104978 -0.4108975
41.262460 -14.0910282 0.0621063 7.8587608 0.0237838 0.9107553 0.0147397 -0.4119975
41.469820 -14.2359133 0.0675730 7.7312555 0.0233237 0.9106706 0.0133739 -0.4122574
41.677410 -14.3789978 0.0725249 7.6049519 0.0224011 0.9107246 0.0111656 -0.4122551
41.885060 -14.5216074 0.0766490 7.4782591 0.0233903 0.9107265 0.0132069 -0.4121354
42.092740 -14.6647224 0.0814348 7.3516235 0.0232911 0.9110976 0.0114138 -0.4113738
42.300170 -14.8055496 0.0856803 7.2265739 0.0242209 0.9114336 0.0139777 -0.4104958
42.507790 -14.9456310 0.0906894 7.1012349 0.0258054 0.9116240 0.0152125 -0.4099320
42.715290 -15.0825224 0.0959655 6.9783983 0.0257791 0.9119526 0.0133394 -0.4092675
42.922920 -15.2191181 0.1014459 6.8554473 0.0235385 0.9118151 0.0133275 -0.4097092
43.130550 -15.3551188 0.1063985 6.7331805 0.0218512 0.9115459 0.0137247 -0.4103879
43.338330 -15.4904575 0.1108398 6.6132302 0.0219542 0.9112912 0.0141105 -0.4109346
43.545910 -15.6235600 0.1148152 6.4940104 0.0206081 0.9109880 0.0133400 -0.4117016
43.753650 -15.7574224 0.1191465 6.3763843 0.0228473 0.9106820 0.0130850 -0.4122681
43.961280 -15.8879995 0.1232656 6.2624006 0.0225739 0.9106348 0.0117981 -0.4124264
44.169050 -16.0166111 0.1269280 6.1493626 0.0221759 0.9103228 0.0087431 -0.4132120
44.376660 -16.1430359 0.1296408 6.0371032 0.0211042 0.9100484 0.0103864 -0.4138341
44.584310 -16.2652950 0.1314666 5.9300671 0.0207746 0.9101548 0.0102434 -0.4136202
44.792180 -16.3840446 0.1339863 5.8262682 0.0210008 0.9101584 0.0100589 -0.4136054
45.103550 -16.5562134 0.1378186 5.6755300 0.0208476 0.9102935 0.0106004 -0.4133022
45.311220 -16.6680107 0.1403272 5.5768170 0.0217528 0.9103169 0.0125127 -0.4131505
45.622980 -16.8260860 0.1445111 5.4390211 0.0248219 0.9105786 0.0132308 -0.4123777
45.831090 -16.9273396 0.1477903 5.3500547 0.0253082 0.9110225 0.0131258 -0.4113698
46.245920 -17.1136932 0.1533099 5.1813455 0.0289650 0.9141373 0.0096517 -0.4042534
46.557220 -17.2410107 0.1567097 5.0574036 0.0322966 0.9211596 0.0084456 -0.3877508
46.971930 -17.3896179 0.1607374 4.8922577 0.0379110 0.9368683 0.0065143 -0.3475602
47.282920 -17.4771252 0.1625145 4.7651329 0.0343557 0.9523624 0.0097316 -0.3028710
47.593870 -17.5436325 0.1645750 4.6375961 0.0316982 0.9694195 0.0119025 -0.2430627
47.904910 -17.5847054 0.1650444 4.5074530 0.0175536 0.9843624 0.0116608 -0.1748900
48.216060 -17.6095982 0.1646422 4.3751011 0.0132437 0.9947159 0.0099153 -0.1013238
48.527420 -17.6126614 0.1656557 4.2411509 0.0048751 0.9995455 0.0154178 -0.0254450
48.734910 -17.6037807 0.1663397 4.1524816 0.0058830 0.9994971 0.0170920 0.0260543
48.942530 -17.5877266 0.1669004 4.0664992 0.0121282 0.9968181 0.0152363 0.0772938
49.150280 -17.5619755 0.1665482 3.9832850 0.0128781 0.9916660 0.0136124 0.1274657
49.357910 -17.5296135 0.1682979 3.9037948 0.0166799 0.9837756 0.0128417 0.1781641
49.565780 -17.4872131 0.1691875 3.8249192 0.0157654 0.9745224 0.0129215 0.2233618
49.773780 -17.4380226 0.1693882 3.7477345 0.0152545 0.9647026 0.0171320 0.2623406
49.878030 -17.4116135 0.1693910 3.7090671 0.0171376 0.9601324 0.0189187 0.2783779
49.982180 -17.3832016 0.1699160 3.6711612 0.0169543 0.9558631 0.0192684 0.2926892
50.086410 -17.3537025 0.1703810 3.6334140 0.0163706 0.9520238 0.0196023 0.3049564
50.190690 -17.3231487 0.1710438 3.5952909 0.0156677 0.9486978 0.0190432 0.3152211
50.399300 -17.2585907 0.1716752 3.5177565 0.0146698 0.9437933 0.0181834 0.3297096
50.608030 -17.1914577 0.1724152 3.4392276 0.0130683 0.9405378 0.0159790 0.3390614
50.816730 -17.1213436 0.1735126 3.3573480 0.0145528 0.9383586 0.0153567 0.3450153
51.025280 -17.0471115 0.1739540 3.2723966 0.0153738 0.9370286 0.0147310 0.3486028
51.233800 -16.9689846 0.1745811 3.1854546 0.0121456 0.9363333 0.0129157 0.3506646
51.442160 -16.8881054 0.1758089 3.0920608 0.0156905 0.9361936 0.0147066 0.3508261
51.650530 -16.8033123 0.1757132 2.9952776 0.0143306 0.9364415 0.0116275 0.3503382
51.858780 -16.7145786 0.1767828 2.8955290 0.0152764 0.9366933 0.0058959 0.3497678
52.066910 -16.6206322 0.1761525 2.7870505 0.0153106 0.9368531 0.0071991 0.3493137
52.275030 -16.5209980 0.1748425 2.6758575 0.0102933 0.9369439 0.0074985 0.3492477
52.483160 -16.4185257 0.1753657 2.5586016 0.0090970 0.9368316 0.0094599 0.3495345
52.691180 -16.3106422 0.1761225 2.4358032 0.0069024 0.9369004 0.0119118 0.3493253
53.003160 -16.1436520 0.1773553 2.2453675 0.0078373 0.9366015 0.0097341 0.3501735
53.315160 -15.9692364 0.1784401 2.0458233 0.0097680 0.9366317 0.0143893 0.3498835
53.627040 -15.7898970 0.1798778 1.8397473 0.0150438 0.9366296 0.0108131 0.3498311
53.835050 -15.6662235 0.1798798 1.6989868 0.0138930 0.9369534 0.0110939 0.3490018
54.042910 -15.5417433 0.1793072 1.5562102 0.0131566 0.9371071 0.0141127 0.3485084
54.354660 -15.3593187 0.1799090 1.3412395 0.0197354 0.9369957 0.0197712 0.3482220
54.562530 -15.2370110 0.1818338 1.1997782 0.0208393 0.9368799 0.0260608 0.3480554
54.770420 -15.1164408 0.1842417 1.0594480 0.0224456 0.9370623 0.0216299 0.3477680
54.978530 -14.9970770 0.1850343 0.9229385 0.0244177 0.9375410 0.0161817 0.3466393
55.185920 -14.8775520 0.1845516 0.7856368 0.0236994 0.9378503 0.0186392 0.3457279
55.497680 -14.7013245 0.1844404 0.5801427 0.0204429 0.9398283 0.0185835 0.3405282
55.705670 -14.5901518 0.1849300 0.4446228 0.0198217 0.9433647 0.0181893 0.3306648
55.913810 -14.4851389 0.1853135 0.3063959 0.0216368 0.9485486 0.0209423 0.3151965
56.226190 -14.3398571 0.1896022 0.0893940 0.0248363 0.9594144 0.0238049 0.2798939
56.434670 -14.2555227 0.1925816 -0.0615074 0.0276324 0.9678785 0.0254022 0.2486007
56.643030 -14.1820259 0.1952011 -0.2142585 0.0310398 0.9755772 0.0209968 0.2164364
56.851430 -14.1188993 0.1965543 -0.3692561 0.0308577 0.9824433 0.0128271 0.1835441
57.059650 -14.0651016 0.1958065 -0.5278728 0.0276128 0.9877096 0.0121573 0.1533608
57.267470 -14.0205641 0.1961481 -0.6897177 0.0300591 0.9910486 0.0105278 0.1296472
57.475150 -13.9814911 0.1968075 -0.8568155 0.0275371 0.9933987 0.0137730 0.1105030
57.682930 -13.9481144 0.1995133 -1.0257869 0.0273942 0.9952585 0.0144801 0.0921979
57.890570 -13.9205627 0.2009400 -1.1972097 0.0289855 0.9965462 0.0108781 0.0770528
58.098070 -13.8970261 0.2035220 -1.3742307 0.0342332 0.9969183 0.0176138 0.0683499
58.305440 -13.8726835 0.2078810 -1.5545946 0.0347468 0.9969813 0.0221208 0.0658147
58.512810 -13.8470831 0.2121852 -1.7356733 0.0305436 0.9972552 0.0183265 0.0649094
58.720450 -13.8197212 0.2159879 -1.9211888 0.0239870 0.9974821 0.0168852 0.0645680
58.927820 -13.7937803 0.2202080 -2.1118124 0.0218408 0.9974476 0.0185826 0.0653901
59.031700 -13.7805862 0.2221473 -2.2071526 0.0215970 0.9974121 0.0188797 0.0659252
59.135420 -13.7673120 0.2250600 -2.3040307 0.0204735 0.9974079 0.0178470 0.0666321
59.239170 -13.7536478 0.2265931 -2.4012475 0.0199260 0.9974042 0.0170569 0.0670595
59.343070 -13.7391500 0.2282593 -2.4990675 0.0187317 0.9974325 0.0159574 0.0672532
59.446780 -13.7250624 0.2299999 -2.5972471 0.0173117 0.9974769 0.0152362 0.0671407
59.654550 -13.6975288 0.2323359 -2.7955229 0.0152928 0.9976063 0.0156659 0.0655927
59.862460 -13.6710529 0.2356997 -2.9942279 0.0146520 0.9977013 0.0157454 0.0642607
60.069690 -13.6442299 0.2380395 -3.1895828 0.0139310 0.9977602 0.0178871 0.0629329
60.381050 -13.6073456 0.2431011 -3.4756837 0.0130387 0.9978647 0.0164979 0.0618371
60.692600 -13.5711174 0.2456060 -3.7562988 0.0122484 0.9979768 0.0166340 0.0601296
61.003920 -13.5354013 0.2492486 -4.0341439 0.0115809 0.9982358 0.0168384 0.0557462
61.211580 -13.5137825 0.2525042 -4.2152629 0.0111551 0.9984033 0.0168895 0.0527366
61.522950 -13.4866018 0.2561046 -4.4698086 0.0110701 0.9985938 0.0183135 0.0485019
61.938390 -13.4523544 0.2603671 -4.8028555 0.0101964 0.9987811 0.0182076 0.0447303
62.145930 -13.4375343 0.2629393 -4.9662681 0.0094840 0.9988663 0.0151787 0.0441106
62.457420 -13.4147606 0.2649820 -5.2054148 0.0097137 0.9988680 0.0138982 0.0444425
62.872800 -13.3845434 0.2684136 -5.5231681 0.0121674 0.9987476 0.0156265 0.0459448
63.184460 -13.3601532 0.2706795 -5.7556071 0.0126986 0.9986922 0.0145611 0.0473359
63.288240 -13.3521862 0.2713744 -5.8323550 0.0131310 0.9986264 0.0140219 0.0487465
63.495820 -13.3352432 0.2722952 -5.9840961 0.0125029 0.9985213 0.0129954 0.0512840
63.703640 -13.3189726 0.2733529 -6.1333666 0.0122335 0.9984458 0.0127496 0.0528564
63.911420 -13.3017702 0.2735984 -6.2792621 0.0106117 0.9984522 0.0149145 0.0525187
64.119460 -13.2858515 0.2747315 -6.4219160 0.0098924 0.9985102 0.0154679 0.0513829
64.223410 -13.2778158 0.2750077 -6.4914360 0.0091448 0.9985769 0.0154350 0.0502216
64.431450 -13.2638435 0.2764388 -6.6275382 0.0088842 0.9988084 0.0154910 0.0454185
64.639590 -13.2535667 0.2767221 -6.7578177 0.0101065 0.9991022 0.0159934 0.0379071
64.847590 -13.2455263 0.2774946 -6.8813114 0.0131864 0.9993188 0.0170596 0.0299485
65.263460 -13.2366924 0.2798198 -7.1050787 0.0155219 0.9996040 0.0174131 0.0157355
65.471470 -13.2346859 0.2804376 -7.2037058 0.0165880 0.9996665 0.0170970 0.0099671
65.679310 -13.2340918 0.2817818 -7.2929635 0.0184982 0.9996653 0.0173161 0.0052238
65.887300 -13.2331905 0.2824941 -7.3742204 0.0189301 0.9996439 0.0187829 0.0010282
66.095340 -13.2333431 0.2822739 -7.4447303 0.0199575 0.9996042 0.0197445 -0.0017929
66.199080 -13.2340260 0.2828948 -7.4765120 0.0212465 0.9995756 0.0197358 -0.0027630
66.407050 -13.2334023 0.2838816 -7.5345592 0.0214801 0.9995418 0.0208645 -0.0044051
66.614800 -13.2344837 0.2852979 -7.5825968 0.0201595 0.9995770 0.0207103 -0.0032299
67.031610 -13.2326078 0.2851036 -7.6524687 0.0174851 0.9996788 0.0183093 0.0011620
68.173980 -13.2255697 0.2876700 -7.7827806 0.0143776 0.9994422 0.0163854 0.0253010
75.663570 -13.2111530 0.2873056 -7.8314166 0.0129700 0.9965880 0.0151100 0.0800989
76.182950 -13.1980925 0.2870268 -7.8560987 0.0111928 0.9927076 0.0122057 0.1194040
76.495070 -13.1862125 0.2879295 -7.8858256 0.0122979 0.9886533 0.0138729 0.1490668
76.805830 -13.1669216 0.2884217 -7.9223304 0.0110096 0.9825162 0.0170186 0.1850708
77.117090 -13.1418228 0.2891336 -7.9637299 0.0127243 0.9736036 0.0204886 0.2269677
77.428190 -13.1073990 0.2896031 -8.0086060 0.0126018 0.9591075 0.0198760 0.2820619
77.739080 -13.0555954 0.2901054 -8.0625439 0.0136820 0.9357867 0.0172067 0.3518806
78.050250 -12.9787607 0.2917821 -8.1223698 0.0165352 0.9048091 0.0142553 0.4252574
78.361560 -12.8716526 0.2924623 -8.1823912 0.0168854 0.8680034 0.0169828 0.4959804
78.673060 -12.7380009 0.2936085 -8.2342682 0.0177789 0.8242938 0.0248736 0.5653361
78.880800 -12.6347399 0.2937582 -8.2609873 0.0173784 0.7925910 0.0288543 0.6088225
79.088830 -12.5196657 0.2947457 -8.2787075 0.0191032 0.7620584 0.0304259 0.6465110
79.297060 -12.3934860 0.2960854 -8.2884483 0.0197173 0.7373905 0.0282840 0.6745862
79.505690 -12.2556105 0.2963355 -8.2923622 0.0212225 0.7207090 0.0259494 0.6924268
79.714470 -12.1080399 0.2961858 -8.2932215 0.0228198 0.7095504 0.0256805 0.7038168
79.923050 -11.9525928 0.2952349 -8.2887239 0.0260489 0.6996396 0.0242120 0.7136104
80.131680 -11.7886038 0.2925602 -8.2798033 0.0262845 0.6902469 0.0215316 0.7227758
80.340300 -11.6149731 0.2888913 -8.2665949 0.0232432 0.6851847 0.0184520 0.7277645
80.548940 -11.4346504 0.2862418 -8.2530088 0.0218761 0.6842611 0.0174571 0.7286999
80.757320 -11.2449007 0.2839480 -8.2403345 0.0219062 0.6826826 0.0184410 0.7301538
80.965550 -11.0479288 0.2801445 -8.2245045 0.0219950 0.6795717 0.0185790 0.7330438
81.069680 -10.9464073 0.2788845 -8.2159567 0.0222025 0.6779620 0.0184151 0.7345308
81.277810 -10.7397575 0.2755618 -8.1970406 0.0211161 0.6742576 0.0192003 0.7379445
81.485930 -10.5275650 0.2723508 -8.1757469 0.0195935 0.6707429 0.0220514 0.7411031
81.798060 -10.1992369 0.2689438 -8.1389551 0.0202445 0.6711265 0.0203568 0.7407867
82.006180 -9.9763746 0.2660347 -8.1142159 0.0193281 0.6720421 0.0226508 0.7399141
82.318180 -9.6441898 0.2611468 -8.0797348 0.0190898 0.6732022 0.0241399 0.7388178
82.526180 -9.4255190 0.2589532 -8.0554705 0.0205890 0.6741668 0.0225906 0.7379464
82.838070 -9.0937576 0.2529101 -8.0236645 0.0185712 0.6749824 0.0234818 0.7372262
83.046050 -8.8754549 0.2491359 -8.0028887 0.0197612 0.6754609 0.0224833 0.7367880
83.253960 -8.6564827 0.2447774 -7.9830647 0.0189617 0.6756916 0.0223245 0.7366023
83.357930 -8.5473700 0.2434751 -7.9727945 0.0174378 0.6759114 0.0232036 0.7364112
83.565930 -8.3304739 0.2411418 -7.9524641 0.0156990 0.6764324 0.0218190 0.7360141
83.669810 -8.2239046 0.2391288 -7.9428053 0.0159725 0.6764885 0.0213384 0.7359707
83.773690 -8.1164532 0.2371545 -7.9327512 0.0159259 0.6766630 0.0210170 0.7358205
83.877560 -8.0087900 0.2359824 -7.9232864 0.0153493 0.6767216 0.0210588 0.7357777
83.981560 -7.9012084 0.2343545 -7.9132328 0.0151869 0.6768811 0.0218361 0.7356117
84.085580 -7.7938485 0.2330291 -7.9037099 0.0156208 0.6769780 0.0220044 0.7355084
84.293370 -7.5822353 0.2298953 -7.8868089 0.0186193 0.6766034 0.0226893 0.7357624
84.500970 -7.3702936 0.2273246 -7.8684607 0.0191810 0.6750509 0.0241700 0.7371256
84.708560 -7.1607227 0.2240227 -7.8478479 0.0183966 0.6728030 0.0243975 0.7391903
84.916060 -6.9522820 0.2197693 -7.8257084 0.0179410 0.6708922 0.0223844 0.7409998
85.020090 -6.8477321 0.2184484 -7.8143721 0.0177296 0.6699185 0.0218441 0.7419015
85.227440 -6.6387739 0.2149871 -7.7908278 0.0168257 0.6686156 0.0225762 0.7430750
85.435100 -6.4324012 0.2120685 -7.7672343 0.0161569 0.6676601 0.0229551 0.7439368
85.642600 -6.2295632 0.2098973 -7.7434654 0.0147705 0.6674960 0.0220775 0.7441394
85.850400 -6.0259757 0.2063470 -7.7186065 0.0141135 0.6686906 0.0210042 0.7431101
86.058060 -5.8249755 0.2041183 -7.6968136 0.0156886 0.6702654 0.0224314 0.7416165
86.266420 -5.6239190 0.2015035 -7.6777401 0.0185286 0.6717788 0.0237267 0.7401398
86.577490 -5.3236809 0.1974248 -7.6477146 0.0171600 0.6745822 0.0252580 0.7375680
86.785510 -5.1242189 0.1959250 -7.6293144 0.0168668 0.6761906 0.0237681 0.7361500
86.992950 -4.9265456 0.1931536 -7.6112018 0.0183379 0.6776939 0.0214253 0.7348031
87.200570 -4.7300091 0.1901029 -7.5953588 0.0194381 0.6785346 0.0209186 0.7340132
87.408330 -4.5342546 0.1863529 -7.5793958 0.0177824 0.6786717 0.0225900 0.7338789
87.616060 -4.3396072 0.1837138 -7.5626979 0.0146334 0.6782282 0.0214081 0.7343937
87.823570 -4.1456108 0.1816960 -7.5444045 0.0121875 0.6780511 0.0180675 0.7346916
88.135050 -3.8566444 0.1773880 -7.5194483 0.0111299 0.6773873 0.0144940 0.7353995
88.342600 -3.6635227 0.1748048 -7.5026832 0.0113398 0.6768978 0.0176104 0.7357789
88.550190 -3.4718871 0.1727488 -7.4850950 0.0105107 0.6762320 0.0210971 0.7363116
88.757820 -3.2820449 0.1717306 -7.4675355 0.0145558 0.6757230 0.0192066 0.7367616
88.965560 -3.0933673 0.1697483 -7.4496512 0.0152086 0.6754797 0.0184384 0.7369911
89.277420 -2.8133395 0.1641663 -7.4231472 0.0188668 0.6756045 0.0183635 0.7367939
89.588990 -2.5367794 0.1588453 -7.3980303 0.0185808 0.6763785 0.0219365 0.7359930
89.796830 -2.3527625 0.1558405 -7.3816614 0.0183687 0.6771884 0.0216038 0.7352630
90.108700 -2.0821521 0.1503894 -7.3569961 0.0166774 0.6785465 0.0211691 0.7340629
90.316520 -1.9025651 0.1479525 -7.3414974 0.0168606 0.6793724 0.0219984 0.7332700
90.524330 -1.7258503 0.1453201 -7.3273201 0.0166026 0.6800305 0.0216916 0.7326748
90.732220 -1.5526489 0.1424138 -7.3136730 0.0147971 0.6805787 0.0213605 0.7322140
90.940100 -1.3867372 0.1404185 -7.3013940 0.0136377 0.6810551 0.0213471 0.7317939
91.148110 -1.2277328 0.1386145 -7.2902398 0.0131282 0.6806431 0.0219254 0.7321693
91.355930 -1.0777633 0.1376393 -7.2780957 0.0138999 0.6785872 0.0208022 0.7340937
91.563820 -0.9340442 0.1358847 -7.2650018 0.0127801 0.6754575 0.0189119 0.7370455
91.771700 -0.7994615 0.1331400 -7.2505150 0.0141690 0.6710666 0.0182028 0.7410381
91.979540 -0.6727194 0.1301670 -7.2345347 0.0168830 0.6636028 0.0182603 0.7476716
92.187280 -0.5541463 0.1276130 -7.2159700 0.0172468 0.6543410 0.0175987 0.7557980
92.394820 -0.4437002 0.1249831 -7.1948528 0.0169290 0.6432173 0.0187810 0.7652661
92.607140 -0.3424660 0.1218752 -7.1714587 0.0159878 0.6294559 0.0166099 0.7766941
92.913890 -0.2010597 0.1175220 -7.1295204 0.0147871 0.6041071 0.0149926 0.7966248
93.121320 -0.1129127 0.1142233 -7.0964632 0.0142304 0.5836331 0.0136992 0.8117772
93.432440 0.0064338 0.1110726 -7.0405807 0.0178835 0.5407966 0.0107149 0.8408949
93.639690 0.0796753 0.1082786 -6.9960852 0.0184385 0.5012797 0.0137555 0.8649794
93.847210 0.1449621 0.1050994 -6.9442720 0.0162848 0.4560637 0.0102289 0.8897393
94.054400 0.2042261 0.1003064 -6.8864942 0.0179097 0.4086885 0.0086776 0.9124569
94.261830 0.2569750 0.0974937 -6.8240085 0.0175284 0.3608796 0.0075988 0.9324167
94.573250 0.3229753 0.0926693 -6.7182307 0.0090174 0.2873868 0.0015749 0.9577709
94.780820 0.3572496 0.0904536 -6.6421180 0.0026381 0.2386484 0.0023963 0.9710995
94.988570 0.3829203 0.0882626 -6.5603466 -0.0031951 0.1898220 -0.0044309 0.9818033
95.196460 0.4045449 0.0871652 -6.4774461 -0.0014387 0.1432401 -0.0045992 0.9896762
95.404570 0.4185919 0.0863989 -6.3904467 -0.0014199 0.1049547 -0.0078040 0.9944454
95.612820 0.4285809 0.0855605 -6.2997384 -0.0012150 0.0739336 -0.0113728 0.9971976
95.821210 0.4367107 0.0841978 -6.2049031 -0.0023813 0.0523197 -0.0120037 0.9985554
96.029700 0.4427841 0.0831037 -6.1070046 -0.0012451 0.0356633 -0.0103838 0.9993091
96.238190 0.4465109 0.0823732 -6.0020943 -0.0004743 0.0212392 -0.0110543 0.9997132
96.446460 0.4458639 0.0814616 -5.8897653 -0.0002009 0.0077728 -0.0103305 0.9999164
96.654710 0.4435993 0.0805038 -5.7722201 -0.0000037 -0.0056609 -0.0092254 0.9999414
96.863080 0.4376721 0.0793803 -5.6469479 0.0013091 -0.0146929 -0.0105984 0.9998350
97.071450 0.4307369 0.0783102 -5.5156670 0.0021844 -0.0196310 -0.0103394 0.9997514
97.279720 0.4234459 0.0764994 -5.3773904 0.0016362 -0.0225601 -0.0097548 0.9996966
97.487940 0.4160048 0.0749901 -5.2349920 -0.0003473 -0.0255307 -0.0082493 0.9996399
97.696240 0.4063952 0.0725238 -5.0907798 -0.0027881 -0.0284743 -0.0077942 0.9995602
97.904320 0.3964892 0.0713105 -4.9467998 -0.0040087 -0.0318664 -0.0056614 0.9994681
98.112320 0.3861704 0.0698516 -4.8034129 -0.0041120 -0.0354367 -0.0044595 0.9993535
98.320320 0.3738575 0.0688262 -4.6588326 -0.0038721 -0.0385569 -0.0041782 0.9992402
98.528320 0.3609221 0.0675476 -4.5149932 -0.0038068 -0.0399111 -0.0047121 0.9991848
98.736320 0.3477508 0.0658069 -4.3706641 -0.0040104 -0.0402659 -0.0053588 0.9991666
99.048200 0.3290202 0.0640163 -4.1553397 -0.0052785 -0.0406839 -0.0049834 0.9991457
99.256070 0.3157817 0.0631123 -4.0125728 -0.0056229 -0.0405734 -0.0049266 0.9991486
99.567940 0.2972363 0.0623763 -3.8020701 -0.0045963 -0.0396823 -0.0045535 0.9991914
99.879940 0.2801489 0.0600198 -3.5985553 -0.0050763 -0.0376297 -0.0037616 0.9992718
100.191800 0.2628764 0.0581925 -3.4033592 -0.0070308 -0.0355352 -0.0044711 0.9993337
100.503700 0.2484045 0.0560879 -3.2199743 -0.0027475 -0.0346353 -0.0045002 0.9993861
100.815600 0.2336410 0.0530936 -3.0410137 -0.0016958 -0.0338988 -0.0063540 0.9994037
101.127400 0.2195190 0.0508226 -2.8673000 0.0000084 -0.0334360 -0.0081121 0.9994079
101.335400 0.2103360 0.0493771 -2.7536218 -0.0000701 -0.0336305 -0.0087745 0.9993958
101.647200 0.1962346 0.0462071 -2.5860074 -0.0002536 -0.0347045 -0.0080764 0.9993650
101.855100 0.1872901 0.0442983 -2.4752121 0.0007106 -0.0361978 -0.0078437 0.9993136
102.166900 0.1742199 0.0406561 -2.3125758 0.0007389 -0.0393621 -0.0072031 0.9991988
102.478700 0.1595835 0.0372871 -2.1518381 -0.0004875 -0.0419187 -0.0061448 0.9991020
102.790600 0.1442752 0.0346565 -1.9950840 -0.0018539 -0.0441368 -0.0066479 0.9990017
102.998500 0.1342614 0.0328730 -1.8945953 -0.0020055 -0.0445033 -0.0068372 0.9989838
103.206500 0.1247057 0.0313266 -1.7985480 -0.0019534 -0.0432609 -0.0077859 0.9990315
103.414300 0.1162743 0.0299456 -1.7062773 -0.0018200 -0.0418181 -0.0077192 0.9990938
103.622300 0.1085261 0.0287648 -1.6180822 -0.0010014 -0.0403303 -0.0076380 0.9991567
103.830300 0.1014255 0.0271243 -1.5339497 -0.0009318 -0.0391206 -0.0079106 0.9992027
104.038400 0.0951589 0.0255436 -1.4541534 -0.0012458 -0.0381074 -0.0079343 0.9992414
104.251000 0.0894630 0.0239592 -1.3796997 -0.0018821 -0.0371552 -0.0072476 0.9992815
104.558200 0.0814169 0.0221130 -1.2810510 -0.0029220 -0.0357860 -0.0084987 0.9993191
104.766200 0.0773222 0.0211691 -1.2249571 -0.0022373 -0.0350334 -0.0076472 0.9993544
105.078600 0.0716333 0.0195584 -1.1504394 -0.0013376 -0.0342023 -0.0075297 0.9993857
105.390000 0.0666431 0.0180841 -1.0806409 0.0005950 -0.0336184 -0.0069065 0.9994107
105.701800 0.0615403 0.0169124 -1.0121126 -0.0001202 -0.0332980 -0.0063884 0.9994251
106.117600 0.0550551 0.0153380 -0.9228285 -0.0003545 -0.0339956 -0.0055721 0.9994064
106.429300 0.0486971 0.0141430 -0.8573318 -0.0004235 -0.0408493 -0.0050910 0.9991522
106.845000 0.0367605 0.0128440 -0.7724888 0.0000257 -0.0533107 -0.0078530 0.9985471
107.260700 0.0253784 0.0111952 -0.6894206 0.0004067 -0.0613130 -0.0088312 0.9980794
107.676800 0.0146207 0.0096604 -0.6074289 0.0005368 -0.0593349 -0.0092245 0.9981954
107.885000 0.0103471 0.0089159 -0.5673653 0.0003411 -0.0569372 -0.0093491 0.9983339
108.301100 0.0021942 0.0079398 -0.4880018 0.0007500 -0.0506030 -0.0089160 0.9986787
108.613000 -0.0025770 0.0067966 -0.4270668 0.0020485 -0.0445503 -0.0088581 0.9989658
108.925000 -0.0074155 0.0058796 -0.3581931 0.0028973 -0.0375179 -0.0081756 0.9992583
109.340700 -0.0126207 0.0040012 -0.2531327 0.0009255 -0.0272850 -0.0055632 0.9996118
109.652600 -0.0168884 0.0028129 -0.1656611 -0.0002839 -0.0204905 -0.0053034 0.9997759
109.964400 -0.0186720 0.0011871 -0.0725181 -0.0001330 -0.0155312 -0.0026900 0.9998757
111.210200 -0.0320164 -0.0077779 0.3341637 0.0092987 -0.0347920 -0.0040106 0.9993433
111.728700 -0.0655341 -0.0117378 0.4909169 -0.0001459 -0.0971858 -0.0089901 0.9952257
112.248300 -0.1101384 -0.0136771 0.6385300 -0.0072640 -0.1313103 -0.0173930 0.9911621
112.665100 -0.1353705 -0.0134304 0.7484862 -0.0101051 -0.1157056 -0.0126785 0.9931512
112.873300 -0.1432510 -0.0134633 0.7871788 -0.0105677 -0.1055789 -0.0137240 0.9942601
113.289700 -0.1481233 -0.0139769 0.8253435 -0.0086615 -0.0922552 -0.0115458 0.9956308
